theta Ccons Chead Csec Bhead
0.1 0.06403 0.1483 0.32652 3.08849
0.10593 0.06783 0.15709 0.34587 3.07664
0.1122 0.07185 0.1664 0.36636 3.06408
0.11885 0.07611 0.17626 0.38807 3.05079
0.12589 0.08061 0.1867 0.41106 3.0367
0.13335 0.08539 0.19776 0.43542 3.02178
0.14125 0.09045 0.20948 0.46122 3.00598
0.14962 0.09581 0.22189 0.48855 2.98924
0.15849 0.10149 0.23504 0.5175 2.97151
0.16788 0.1075 0.24897 0.54816 2.95273
0.17783 0.11387 0.26372 0.58064 2.93283
0.18836 0.12062 0.27935 0.61505 2.91176
0.19953 0.12777 0.2959 0.65149 2.88944
0.21135 0.13534 0.31343 0.69009 2.86579
0.22387 0.14336 0.33201 0.73098 2.84074
0.23714 0.15185 0.35168 0.7743 2.81421
0.25119 0.16085 0.37252 0.82018 2.78611
0.26607 0.17038 0.39459 0.86878 2.75634
0.28184 0.18047 0.41797 0.92026 2.72481
0.29854 0.19117 0.44274 0.97478 2.69141
0.31623 0.20249 0.46897 1.03254 2.65603
0.33497 0.21449 0.49676 1.09373 2.61856
0.35481 0.2272 0.52619 1.15853 2.57886
0.37584 0.24067 0.55737 1.22718 2.53681
0.39811 0.25493 0.5904 1.29989 2.49227
0.4217 0.27003 0.62538 1.37692 2.4451
0.44668 0.28603 0.66244 1.45851 2.39512
0.47315 0.30298 0.70169 1.54493 2.34219
0.50119 0.32093 0.74327 1.63647 2.28611
0.53088 0.33995 0.78731 1.73344 2.22672
0.56234 0.36009 0.83396 1.83615 2.16381
0.59566 0.38143 0.88338 1.94495 2.09716
0.63096 0.40403 0.93572 2.06019 2.02657
0.66834 0.42797 0.99116 2.18227 1.9518
0.70795 0.45333 1.04989 2.31158 1.8726
0.74989 0.48019 1.1121 2.44855 1.7887
0.79433 0.50864 1.178 2.59363 1.69983
0.8414 0.53878 1.2478 2.74731 1.6057
0.89125 0.57071 1.32174 2.9101 1.50599
0.94406 0.60452 1.40006 3.08254 1.40037
1.0 0.64034 1.48301 3.26519 1.28849
1.05925 0.67829 1.57089 3.45866 1.16998
1.12202 0.71848 1.66397 3.6636 1.04445
1.1885 0.76105 1.76256 3.88068 0.91148
1.25893 0.80615 1.867 4.11063 0.77064
1.33352 0.85391 1.97763 4.3542 0.62145
1.41254 0.90451 2.09481 4.6122 0.46341
1.49624 0.95811 2.21894 4.88549 0.29602
1.58489 1.01488 2.35042 5.17497 0.1187
1.6788 1.07501 2.48969 5.48161 -0.06912
1.77828 1.13871 2.63721 5.80642 -0.26807
1.88365 1.20618 2.79348 6.15047 -0.47881
1.99526 1.27766 2.959 6.51491 -0.70204
2.11349 1.35336 3.13433 6.90094 -0.93849
2.23872 1.43355 3.32005 7.30985 -1.18895
2.37137 1.5185 3.51678 7.74298 -1.45426
2.51189 1.60847 3.72516 8.20178 -1.73528
2.66073 1.70378 3.94589 8.68777 -2.03296
2.81838 1.80474 4.1797 9.20255 -2.34828
2.98538 1.91167 4.42736 9.74784 -2.68228
3.16228 2.02495 4.6897 10.32543 -3.03607
3.34965 2.14493 4.96758 10.93725 -3.41082
3.54813 2.27203 5.26193 11.58532 -3.80778
3.75837 2.40665 5.57372 12.2718 -4.22826
3.98107 2.54926 5.90398 12.99895 -4.67366
4.21697 2.70031 6.25382 13.76918 -5.14544
4.46684 2.86031 6.62438 14.58506 -5.64518
4.73151 3.0298 7.0169 15.44928 -6.17454
5.01187 3.20172 7.41507 16.32594 -6.71151
5.30884 3.20172 7.41507 16.32594 -6.71151
5.62341 3.20172 7.41507 16.32594 -6.71151
5.95662 3.20172 7.41507 16.32594 -6.71151
6.30957 3.20172 7.41507 16.32594 -6.71151
6.68344 3.20172 7.41507 16.32594 -6.71151
7.07946 3.20172 7.41507 16.32594 -6.71151
7.49894 3.20172 7.41507 16.32594 -6.71151
7.94328 3.20172 7.41507 16.32594 -6.71151
8.41395 3.20172 7.41507 16.32594 -6.71151
8.91251 3.20172 7.41507 16.32594 -6.71151
9.44061 3.20172 7.41507 16.32594 -6.71151
10.0 3.20172 7.41507 16.32594 -6.71151
