theta delta du da
0.1 0.2 0.1849 0.1866
0.1059 0.2119 0.1958 0.1977
0.1122 0.2244 0.2074 0.2094
0.1189 0.2377 0.2197 0.2218
0.1259 0.2518 0.2327 0.2349
0.1334 0.2667 0.2465 0.2488
0.1413 0.2825 0.2611 0.2636
0.1496 0.2992 0.2766 0.2792
0.1585 0.317 0.293 0.2957
0.1679 0.3358 0.3104 0.3133
0.1778 0.3557 0.3288 0.3318
0.1884 0.3767 0.3482 0.3515
0.1995 0.3991 0.3689 0.3723
0.2113 0.4227 0.3901 0.3944
0.2239 0.4477 0.4119 0.4177
0.2371 0.4743 0.435 0.4425
0.2512 0.5024 0.4595 0.4672
0.2661 0.5321 0.4854 0.4756
0.2818 0.5637 0.5129 0.4845
0.2985 0.5971 0.5419 0.494
0.3162 0.6325 0.5741 0.5025
0.335 0.6699 0.6091 0.5114
0.3548 0.7096 0.6462 0.5203
0.3758 0.7517 0.6857 0.528
0.3981 0.7962 0.7276 0.5362
0.4217 0.8434 0.7745 0.5469
0.4467 0.8934 0.8244 0.5584
0.4732 0.9463 0.8759 0.5717
0.5012 1.0024 0.9298 0.5865
0.5309 1.0618 0.9863 0.6167
0.5623 1.1247 1.0454 0.6507
0.5957 1.1913 1.1049 0.6903
0.631 1.2619 1.1726 0.7675
0.6683 1.3367 1.2458 0.8505
0.7079 1.4159 1.3279 0.9393
0.7499 1.4998 1.4277 1.0562
0.7943 1.5887 1.5418 1.1614
0.8414 1.6828 1.6745 1.2934
0.8913 1.7825 1.8228 1.4092
0.9441 1.8881 1.9924 1.5461
1.0 2.0 2.1771 1.6658
1.0593 2.1185 2.3783 1.8026
1.122 2.244 2.5843 1.9237
1.1885 2.377 2.7991 2.0463
1.2589 2.5179 3.0256 2.1774
1.3335 2.667 3.2527 2.3083
1.4125 2.8251 3.4931 2.4459
1.4962 2.9925 3.7572 2.5982
1.5849 3.1698 4.0656 2.7967
1.6788 3.3576 4.421 3.032
1.7783 3.5566 4.8177 3.2266
1.8836 3.7673 5.2794 3.3389
1.9953 3.9905 5.7774 3.3707
2.1135 4.227 6.2179 3.4345
2.2387 4.4774 6.6156 3.5925
2.3714 4.7427 7.0058 3.7351
2.5119 5.0238 7.444 3.799
2.6607 5.3215 8.1225 3.908
2.8184 5.6368 8.9062 4.1062
2.9854 5.9708 9.6026 4.2168
3.1623 6.3246 10.2417 4.2288
3.3497 6.6993 10.8608 4.28
3.5481 7.0963 11.4061 4.5239
3.7584 7.5167 11.797 4.7304
3.9811 7.9621 11.8749 4.7304
4.217 8.4339 11.9501 4.7304
4.4668 8.9337 12.1861 4.7304
4.7315 9.463 12.1861 4.7304
